01001111 01110000 01100101 01101110 00100000 01000110 01101001 01101100 01100101 
01000011 01100001 01101100 01101100 00100000 01001001 01101110 01110011 01100101 01110010 01110100 01000101 01101100 01100101 01101101 01100101 01101110 01110100 00100000 01000110 01110101 01101110 01100011 01110100 01101001 01101111 01101110 
01001001 01101110 01110011 01100101 01110010 01110100 01100101 01100100 00100000 00110011 00110010 00100000 01001001 01101110 00100000 01010001 01110101 01100101 01110101 01100101 00100000 
01000011 01100001 01101100 01101100 00100000 01001001 01101110 01110011 01100101 01110010 01110100 01000101 01101100 01100101 01101101 01100101 01101110 01110100 00100000 01000110 01110101 01101110 01100011 01110100 01101001 01101111 01101110 
01001001 01101110 01110011 01100101 01110010 01110100 01100101 01100100 00100000 00110011 00110100 00110011 00100000 01001001 01101110 00100000 01010001 01110101 01100101 01110101 01100101 00100000 
01000011 01100001 01101100 01101100 00100000 01001001 01101110 01110011 01100101 01110010 01110100 01000101 01101100 01100101 01101101 01100101 01101110 01110100 00100000 01000110 01110101 01101110 01100011 01110100 01101001 01101111 01101110 
01001001 01101110 01110011 01100101 01110010 01110100 01100101 01100100 00100000 00110010 00110011 00100000 01001001 01101110 00100000 01010001 01110101 01100101 01110101 01100101 00100000 
01000011 01100001 01101100 01101100 00100000 01001001 01101110 01110011 01100101 01110010 01110100 01000101 01101100 01100101 01101101 01100101 01101110 01110100 00100000 01000110 01110101 01101110 01100011 01110100 01101001 01101111 01101110 
01001001 01101110 01110011 01100101 01110010 01110100 01100101 01100100 00100000 00110101 00110011 00100000 01001001 01101110 00100000 01010001 01110101 01100101 01110101 01100101 00100000 
01000011 01100001 01101100 01101100 00100000 01001001 01101110 01110011 01100101 01110010 01110100 01000101 01101100 01100101 01101101 01100101 01101110 01110100 00100000 01000110 01110101 01101110 01100011 01110100 01101001 01101111 01101110 
01000100 01100101 01101100 01100101 01110100 01100101 01100100 00100000 01000101 01101100 01100101 01101101 01100101 01101110 01110100 00100000 01100110 01110010 01101111 01101101 00100000 01010001 01110101 01100101 01110101 01100101 
01000011 01100001 01101100 01101100 00100000 01010100 01110010 01100001 01110110 01100101 01110010 01110011 01100101 00100000 01000110 01110101 01101110 01100011 01110100 01101001 01101111 01101110 
01010100 01110010 01100001 01110110 01100101 01110010 01110011 01100101 00100000 01010001 01110101 01100101 01110101 01100101 
01001111 01110000 01100101 01101110 00100000 01000110 01101001 01101100 01100101 
01000011 01100001 01101100 01101100 00100000 01001001 01101110 01110011 01100101 01110010 01110100 01000101 01101100 01100101 01101101 01100101 01101110 01110100 00100000 01000110 01110101 01101110 01100011 01110100 01101001 01101111 01101110 
01001001 01101110 01110011 01100101 01110010 01110100 01100101 01100100 00100000 00110011 00110010 00100000 01001001 01101110 00100000 01010001 01110101 01100101 01110101 01100101 00100000 
