01010011 01110100 01100001 01110010 01110100 01101001 01101110 01100111 00100000 01010000 01110010 01101111 01100111 01110010 01100001 01101101 
01000011 01110010 01100101 01100001 01110100 01100101 01100100 00100000 01100001 00100000 01000010 01101001 01101110 01100001 01110010 01111001 00100000 01010100 01110010 01100101 01100101 
01010000 01110010 01101001 01101110 01110100 01101001 01101110 01100111 00100000 01000010 01101001 01101110 01100001 01110010 01111001 00100000 01010100 01110010 01100101 01100101 00100000 01100001 01110011 00100000 01101001 01110011 
01010000 01110010 01101001 01101110 01110100 01101001 01101110 01100111 00100000 01000010 01101001 01101110 01100001 01110010 01111001 00100000 01010100 01110010 01100101 01100101 00100000 01001110 01101111 01100100 01100101 00100000 01101001 01101110 00100000 01010000 01110010 01100101 01101111 01110010 01100100 01100101 01110010 00100000 01110100 01110010 01100001 01110110 01100101 01110010 01110011 01100001 01101100 00100000 01100110 01101111 01110010 01101101 
01010000 01110010 01101001 01101110 01110100 01101001 01101110 01100111 00100000 01000010 01101001 01101110 01100001 01110010 01111001 00100000 01010100 01110010 01100101 01100101 00100000 01001110 01101111 01100100 01100101 00100000 01101001 01101110 00100000 01001001 01101110 01101111 01110010 01100100 01100101 01110010 00100000 01110100 01110010 01100001 01110110 01100101 01110010 01110011 01100001 01101100 00100000 01100110 01101111 01110010 01101101 
01010000 01110010 01101001 01101110 01110100 01101001 01101110 01100111 00100000 01000010 01101001 01101110 01100001 01110010 01111001 00100000 01010100 01110010 01100101 01100101 00100000 01001110 01101111 01100100 01100101 00100000 01101001 01101110 00100000 01010000 01101111 01110011 01110100 01101111 01110010 01100100 01100101 01110010 00100000 01110100 01110010 01100001 01110110 01100101 01110010 01110011 01100001 01101100 00100000 01100110 01101111 01110010 01101101 
01000011 01101100 01101111 01110011 01101001 01101110 01100111 00100000 01010000 01110010 01101111 01100111 01110010 01100001 01101101 
01010011 01110100 01100001 01110010 01110100 01101001 01101110 01100111 00100000 01010000 01110010 01101111 01100111 01110010 01100001 01101101 
01010011 01110100 01100001 01110010 01110100 01101001 01101110 01100111 00100000 01010000 01110010 01101111 01100111 01110010 01100001 01101101 
01010011 01110100 01100001 01110010 01110100 01101001 01101110 01100111 00100000 01010000 01110010 01101111 01100111 01110010 01100001 01101101 
01000011 01110010 01100101 01100001 01110100 01100101 01100100 00100000 01100001 00100000 01000010 01101001 01101110 01100001 01110010 01111001 00100000 01010100 01110010 01100101 01100101 
01010000 01110010 01101001 01101110 01110100 01101001 01101110 01100111 00100000 01000010 01101001 01101110 01100001 01110010 01111001 00100000 01010100 01110010 01100101 01100101 00100000 01100001 01110011 00100000 01101001 01110011 
01010011 01110100 01100001 01110010 01110100 01101001 01101110 01100111 00100000 01010000 01110010 01101111 01100111 01110010 01100001 01101101 
01010011 01110100 01100001 01110010 01110100 01101001 01101110 01100111 00100000 01010000 01110010 01101111 01100111 01110010 01100001 01101101 
01010011 01110100 01100001 01110010 01110100 01101001 01101110 01100111 00100000 01010000 01110010 01101111 01100111 01110010 01100001 01101101 
01000011 01110010 01100101 01100001 01110100 01100101 01100100 00100000 01100001 00100000 01000010 01101001 01101110 01100001 01110010 01111001 00100000 01010100 01110010 01100101 01100101 
01010000 01110010 01101001 01101110 01110100 01101001 01101110 01100111 00100000 01000010 01101001 01101110 01100001 01110010 01111001 00100000 01010100 01110010 01100101 01100101 00100000 01100001 01110011 00100000 01101001 01110011 
01010000 01110010 01101001 01101110 01110100 01101001 01101110 01100111 00100000 01000010 01101001 01101110 01100001 01110010 01111001 00100000 01010100 01110010 01100101 01100101 00100000 01001110 01101111 01100100 01100101 00100000 01101001 01101110 00100000 01010000 01110010 01100101 01101111 01110010 01100100 01100101 01110010 00100000 01110100 01110010 01100001 01110110 01100101 01110010 01110011 01100001 01101100 00100000 01100110 01101111 01110010 01101101 
01010000 01110010 01101001 01101110 01110100 01101001 01101110 01100111 00100000 01000010 01101001 01101110 01100001 01110010 01111001 00100000 01010100 01110010 01100101 01100101 00100000 01001110 01101111 01100100 01100101 00100000 01101001 01101110 00100000 01001001 01101110 01101111 01110010 01100100 01100101 01110010 00100000 01110100 01110010 01100001 01110110 01100101 01110010 01110011 01100001 01101100 00100000 01100110 01101111 01110010 01101101 
01010000 01110010 01101001 01101110 01110100 01101001 01101110 01100111 00100000 01000010 01101001 01101110 01100001 01110010 01111001 00100000 01010100 01110010 01100101 01100101 00100000 01001110 01101111 01100100 01100101 00100000 01101001 01101110 00100000 01010000 01101111 01110011 01110100 01101111 01110010 01100100 01100101 01110010 00100000 01110100 01110010 01100001 01110110 01100101 01110010 01110011 01100001 01101100 00100000 01100110 01101111 01110010 01101101 
01000011 01101100 01101111 01110011 01101001 01101110 01100111 00100000 01010000 01110010 01101111 01100111 01110010 01100001 01101101 
01010011 01110100 01100001 01110010 01110100 01101001 01101110 01100111 00100000 01010000 01110010 01101111 01100111 01110010 01100001 01101101 
01010011 01110100 01100001 01110010 01110100 01101001 01101110 01100111 00100000 01010000 01110010 01101111 01100111 01110010 01100001 01101101 
01000011 01110010 01100101 01100001 01110100 01100101 01100100 00100000 01100001 00100000 01000010 01101001 01101110 01100001 01110010 01111001 00100000 01010100 01110010 01100101 01100101 00100000 01101101 01100001 01101110 01110101 01100001 01101100 01101100 01111001 00101110 
01010000 01110010 01101001 01101110 01110100 01100101 01100100 00100000 01000010 01101001 01101110 01100001 01110010 01111001 00100000 01010100 01110010 01100101 01100101 00100000 01101001 01101110 00100000 01001100 01100101 01110110 01100101 01101100 00100000 01001111 01110010 01100100 01100101 01110010 00101110 
01010000 01110010 01101001 01101110 01110100 01100101 01100100 00100000 01010000 01110010 01100101 01101111 01110010 01100100 01100101 01110010 00100000 01010100 01110010 01100001 01110110 01100101 01110010 01110011 01100001 01101100 00101110 
01010000 01110010 01101001 01101110 01110100 01100101 01100100 00100000 01001001 01101110 01101111 01110010 01100100 01100101 01110010 00100000 01010100 01110010 01100001 01110110 01100101 01110010 01110011 01100001 01101100 00101110 
01010000 01110010 01101001 01101110 01110100 01100101 01100100 00100000 01010000 01101111 01110011 01110100 01101111 01110010 01100100 01100101 01110010 00100000 01010100 01110010 01100001 01110110 01100101 01110010 01110011 01100001 01101100 00101110 
01000011 01110010 01100101 01100001 01110100 01100101 01100100 00100000 01100001 00100000 01000010 01101001 01101110 01100001 01110010 01111001 00100000 01010100 01110010 01100101 01100101 00100000 01100110 01110010 01101111 01101101 00100000 01010000 01110010 01100101 01101111 01110010 01100100 01100101 01110010 00100000 01100001 01101110 01100100 00100000 01001001 01101110 01101111 01110010 01100100 01100101 01110010 00101110 
Mon Oct 21 14:08:00 2024
: Starting Program
Mon Oct 21 14:08:33 2024
: Created a Binary Tree
Mon Oct 21 14:08:35 2024
: Printing Original Binary Tree as is
Mon Oct 21 14:09:33 2024
: Printing Binary Tree Node in Preorder traversal form
Mon Oct 21 14:09:35 2024
: Printing Binary Tree Node in Inorder traversal form
Mon Oct 21 14:09:38 2024
: Printing Binary Tree Node in Postorder traversal form
01010011 01110100 01100001 01110010 01110100 01101001 01101110 01100111 00100000 01010000 01110010 01101111 01100111 01110010 01100001 01101101 
01000011 01110010 01100101 01100001 01110100 01100101 01100100 00100000 01100001 00100000 01000010 01101001 01101110 01100001 01110010 01111001 00100000 01010100 01110010 01100101 01100101 
01010000 01110010 01101001 01101110 01110100 01101001 01101110 01100111 00100000 01000010 01101001 01101110 01100001 01110010 01111001 00100000 01010100 01110010 01100101 01100101 00100000 01100001 01110011 00100000 01101001 01110011 
01010000 01110010 01101001 01101110 01110100 01101001 01101110 01100111 00100000 01000010 01101001 01101110 01100001 01110010 01111001 00100000 01010100 01110010 01100101 01100101 00100000 01001110 01101111 01100100 01100101 00100000 01101001 01101110 00100000 01010000 01110010 01100101 01101111 01110010 01100100 01100101 01110010 00100000 01110100 01110010 01100001 01110110 01100101 01110010 01110011 01100001 01101100 00100000 01100110 01101111 01110010 01101101 
01010000 01110010 01101001 01101110 01110100 01101001 01101110 01100111 00100000 01000010 01101001 01101110 01100001 01110010 01111001 00100000 01010100 01110010 01100101 01100101 00100000 01001110 01101111 01100100 01100101 00100000 01101001 01101110 00100000 01001001 01101110 01101111 01110010 01100100 01100101 01110010 00100000 01110100 01110010 01100001 01110110 01100101 01110010 01110011 01100001 01101100 00100000 01100110 01101111 01110010 01101101 
01010000 01110010 01101001 01101110 01110100 01101001 01101110 01100111 00100000 01000010 01101001 01101110 01100001 01110010 01111001 00100000 01010100 01110010 01100101 01100101 00100000 01001110 01101111 01100100 01100101 00100000 01101001 01101110 00100000 01010000 01101111 01110011 01110100 01101111 01110010 01100100 01100101 01110010 00100000 01110100 01110010 01100001 01110110 01100101 01110010 01110011 01100001 01101100 00100000 01100110 01101111 01110010 01101101 
