01001111 01110000 01100101 01101110 01100101 01100100 00100000 01000110 01101001 01101100 01100101 
01001001 01101110 01110011 01100101 01110010 01110100 01100101 01100100 00100000 01100101 01101100 01100101 01101101 01100101 01101110 01110100 00111010 00100000 00110100 00110010 
01001001 01101110 01110011 01100101 01110010 01110100 01100101 01100100 00100000 01100101 01101100 01100101 01101101 01100101 01101110 01110100 00111010 00100000 00110110 00110110 
01001001 01101110 01110011 01100101 01110010 01110100 01100101 01100100 00100000 01100101 01101100 01100101 01101101 01100101 01101110 01110100 00111010 00100000 00110100 00110011 
01001001 01101110 01110011 01100101 01110010 01110100 01100101 01100100 00100000 01100101 01101100 01100101 01101101 01100101 01101110 01110100 00111010 00100000 00110111 00110101 
01001001 01101110 01110011 01100101 01110010 01110100 01100101 01100100 00100000 01100101 01101100 01100101 01101101 01100101 01101110 01110100 00111010 00100000 00110010 00110011 00110100 
01001001 01101110 01110011 01100101 01110010 01110100 01100101 01100100 00100000 01100101 01101100 01100101 01101101 01100101 01101110 01110100 00111010 00100000 00110101 00111001 00110010 00111001 00111001 00110010 
01000100 01100101 01101100 01100101 01110100 01100101 01100100 00100000 01100101 01101100 01100101 01101101 01100101 01101110 01110100 00111010 00100000 00110100 00110010 
01010100 01110010 01100001 01110110 01100101 01110010 01110011 01100101 01100100 00100000 01110001 01110101 01100101 01110101 01100101 
01010100 01110010 01100001 01110110 01100101 01110010 01110011 01100101 01100100 00100000 01110001 01110101 01100101 01110101 01100101 00100000 01101001 01101110 00100000 01110010 01100101 01110110 01100101 01110010 01110011 01100101 
01000101 01111000 01101001 01110100 01101001 01101110 01100111 00100000 01010000 01110010 01101111 01100111 01110010 01100001 01101101 
