01001000 01100001 01110011 01101000 00100000 01110100 01100001 01100010 01101100 01100101 00100000 01101001 01101110 01101001 01110100 01101001 01100001 01101100 01101001 01111010 01100101 01100100 00101110 
01001001 01101110 01110011 01100101 01110010 01110100 01100101 01100100 00100000 01100101 01101101 01110000 01101100 01101111 01111001 01100101 01100101 00100000 01110111 01101001 01110100 01101000 00100000 01001011 01100101 01111001 01001001 01000100 00111010 00100000 00110011 00110100 00110010 00111000 00100000 01100001 01110100 00100000 01101001 01101110 01100100 01100101 01111000 00111010 00100000 00111000 
01001001 01101110 01110011 01100101 01110010 01110100 01100101 01100100 00100000 01100101 01101101 01110000 01101100 01101111 01111001 01100101 01100101 00100000 01110111 01101001 01110100 01101000 00100000 01001011 01100101 01111001 01001001 01000100 00111010 00100000 00110010 00110010 00110100 00110001 00100000 01100001 01110100 00100000 01101001 01101110 01100100 01100101 01111000 00111010 00100000 00110001 
01000100 01101001 01110011 01110000 01101100 01100001 01111001 01100101 01100100 00100000 01101000 01100001 01110011 01101000 00100000 01110100 01100001 01100010 01101100 01100101 00100000 01100011 01101111 01101110 01110100 01100101 01101110 01110100 01110011 00101110 
01000110 01101111 01110101 01101110 01100100 00100000 01100101 01101101 01110000 01101100 01101111 01111001 01100101 01100101 00100000 01110111 01101001 01110100 01101000 00100000 01001011 01100101 01111001 01001001 01000100 00111010 00100000 00110010 00110010 00110100 00110001 00100000 01100001 01110100 00100000 01101001 01101110 01100100 01100101 01111000 00111010 00100000 00110001 
01001000 01100001 01110011 01101000 00100000 01110100 01100001 01100010 01101100 01100101 00100000 01101001 01101110 01101001 01110100 01101001 01100001 01101100 01101001 01111010 01100101 01100100 00101110 
01001001 01101110 01110011 01100101 01110010 01110100 01100101 01100100 00100000 01100101 01101101 01110000 01101100 01101111 01111001 01100101 01100101 00100000 01110111 01101001 01110100 01101000 00100000 01001011 01100101 01111001 01001001 01000100 00111010 00100000 00110011 00110010 00110100 00110110 00100000 01100001 01110100 00100000 01101001 01101110 01100100 01100101 01111000 00111010 00100000 00110110 
01001001 01101110 01110011 01100101 01110010 01110100 01100101 01100100 00100000 01100101 01101101 01110000 01101100 01101111 01111001 01100101 01100101 00100000 01110111 01101001 01110100 01101000 00100000 01001011 01100101 01111001 01001001 01000100 00111010 00100000 00110010 00110000 00110010 00110101 00100000 01100001 01110100 00100000 01101001 01101110 01100100 01100101 01111000 00111010 00100000 00110101 
01001001 01101110 01110011 01100101 01110010 01110100 01100101 01100100 00100000 01100101 01101101 01110000 01101100 01101111 01111001 01100101 01100101 00100000 01110111 01101001 01110100 01101000 00100000 01001011 01100101 01111001 01001001 01000100 00111010 00100000 00110011 00110101 00110010 00110001 00100000 01100001 01110100 00100000 01101001 01101110 01100100 01100101 01111000 00111010 00100000 00110001 
01000100 01101001 01110011 01110000 01101100 01100001 01111001 01100101 01100100 00100000 01101000 01100001 01110011 01101000 00100000 01110100 01100001 01100010 01101100 01100101 00100000 01100011 01101111 01101110 01110100 01100101 01101110 01110100 01110011 00101110 
01000100 01100101 01101100 01100101 01110100 01100101 01100100 00100000 01100101 01101101 01110000 01101100 01101111 01111001 01100101 01100101 00100000 01110111 01101001 01110100 01101000 00100000 01001011 01100101 01111001 01001001 01000100 00111010 00100000 00110010 00110000 00110010 00110101 00100000 01100110 01110010 01101111 01101101 00100000 01101001 01101110 01100100 01100101 01111000 00111010 00100000 00110101 
01000101 01111000 01101001 01110100 01101001 01101110 01100111 00100000 01110000 01110010 01101111 01100111 01110010 01100001 01101101 00101110 
01001000 01100001 01110011 01101000 00100000 01110100 01100001 01100010 01101100 01100101 00100000 01101001 01101110 01101001 01110100 01101001 01100001 01101100 01101001 01111010 01100101 01100100 00101110 
01001001 01101110 01110011 01100101 01110010 01110100 01100101 01100100 00100000 01100101 01101101 01110000 01101100 01101111 01111001 01100101 01100101 00100000 01110111 01101001 01110100 01101000 00100000 01001011 01100101 01111001 01001001 01000100 00111010 00100000 00110011 00110010 00110100 00110110 00100000 01100001 01110100 00100000 01101001 01101110 01100100 01100101 01111000 00111010 00100000 00110110 
01001001 01101110 01110011 01100101 01110010 01110100 01100101 01100100 00100000 01100101 01101101 01110000 01101100 01101111 01111001 01100101 01100101 00100000 01110111 01101001 01110100 01101000 00100000 01001011 01100101 01111001 01001001 01000100 00111010 00100000 00110010 00110000 00110010 00110101 00100000 01100001 01110100 00100000 01101001 01101110 01100100 01100101 01111000 00111010 00100000 00110101 
01000110 01101111 01110101 01101110 01100100 00100000 01100101 01101101 01110000 01101100 01101111 01111001 01100101 01100101 00100000 01110111 01101001 01110100 01101000 00100000 01001011 01100101 01111001 01001001 01000100 00111010 00100000 00110010 00110000 00110010 00110101 00100000 01100001 01110100 00100000 01101001 01101110 01100100 01100101 01111000 00111010 00100000 00110101 
01000100 01101001 01110011 01110000 01101100 01100001 01111001 01100101 01100100 00100000 01101000 01100001 01110011 01101000 00100000 01110100 01100001 01100010 01101100 01100101 00100000 01100011 01101111 01101110 01110100 01100101 01101110 01110100 01110011 00101110 
01001000 01100001 01110011 01101000 00100000 01110100 01100001 01100010 01101100 01100101 00100000 01101001 01101110 01101001 01110100 01101001 01100001 01101100 01101001 01111010 01100101 01100100 00101110 
01001001 01101110 01110011 01100101 01110010 01110100 01100101 01100100 00100000 01100101 01101101 01110000 01101100 01101111 01111001 01100101 01100101 00100000 01110111 01101001 01110100 01101000 00100000 01001011 01100101 01111001 01001001 01000100 00111010 00100000 00110110 00110100 00110111 00110101 00100000 01100001 01110100 00100000 01101001 01101110 01100100 01100101 01111000 00111010 00100000 00110101 
01001001 01101110 01110011 01100101 01110010 01110100 01100101 01100100 00100000 01100101 01101101 01110000 01101100 01101111 01111001 01100101 01100101 00100000 01110111 01101001 01110100 01101000 00100000 01001011 01100101 01111001 01001001 01000100 00111010 00100000 00110011 00110100 00110001 00110101 00100000 01100001 01110100 00100000 01101001 01101110 01100100 01100101 01111000 00111010 00100000 00110110 
01000100 01101001 01110011 01110000 01101100 01100001 01111001 01100101 01100100 00100000 01101000 01100001 01110011 01101000 00100000 01110100 01100001 01100010 01101100 01100101 00100000 01100011 01101111 01101110 01110100 01100101 01101110 01110100 01110011 00101110 
01000101 01111000 01101001 01110100 01101001 01101110 01100111 00100000 01110000 01110010 01101111 01100111 01110010 01100001 01101101 00101110 
01001000 01100001 01110011 01101000 00100000 01110100 01100001 01100010 01101100 01100101 00100000 01101001 01101110 01101001 01110100 01101001 01100001 01101100 01101001 01111010 01100101 01100100 00101110 
01001001 01101110 01110011 01100101 01110010 01110100 01100101 01100100 00100000 01100101 01101101 01110000 01101100 01101111 01111001 01100101 01100101 00100000 01110111 01101001 01110100 01101000 00100000 01001011 01100101 01111001 01001001 01000100 00111010 00100000 00110011 00110010 00100000 01100001 01110100 00100000 01101001 01101110 01100100 01100101 01111000 00111010 00100000 00110011 00110010 
01001000 01100001 01110011 01101000 00100000 01110100 01100001 01100010 01101100 01100101 00100000 01101001 01101110 01101001 01110100 01101001 01100001 01101100 01101001 01111010 01100101 01100100 00101110 
01001000 01100001 01110011 01101000 00100000 01110100 01100001 01100010 01101100 01100101 00100000 01101001 01101110 01101001 01110100 01101001 01100001 01101100 01101001 01111010 01100101 01100100 00101110 
01001001 01101110 01110011 01100101 01110010 01110100 01100101 01100100 00100000 01100101 01101101 01110000 01101100 01101111 01111001 01100101 01100101 00100000 01110111 01101001 01110100 01101000 00100000 01001011 01100101 01111001 01001001 01000100 00111010 00100000 00110101 00110010 00110011 00110100 00100000 01100001 01110100 00100000 01101001 01101110 01100100 01100101 01111000 00111010 00100000 00110011 00110100 
