01001111 01110010 01101001 01100111 01101001 01101110 01100001 01101100 00100000 01000001 01110010 01110010 01100001 01111001 00111010 00100000 
00110010 00110011 00100000 
00110101 00110010 00100000 
00110110 00100000 
00110001 00110010 00100000 
00111001 00110011 00100000 
01001100 01101001 01101110 01100101 01100001 01110010 00100000 01010011 01100101 01100001 01110010 01100011 01101000 00100000 01101001 01101110 01101001 01110100 01101001 01100001 01110100 01100101 01100100 00100000 01100110 01101111 01110010 00100000 01100101 01101100 01100101 01101101 01100101 01101110 01110100 00111010 00100000 00110110 
01000101 01101100 01100101 01101101 01100101 01101110 01110100 00100000 01100110 01101111 01110101 01101110 01100100 00100000 01100001 01110100 00100000 01101001 01101110 01100100 01100101 01111000 00111010 00100000 00110010 
01001100 01101001 01101110 01100101 01100001 01110010 00100000 01010011 01100101 01100001 01110010 01100011 01101000 00100000 01101001 01101110 01101001 01110100 01101001 01100001 01110100 01100101 01100100 00100000 01100110 01101111 01110010 00100000 01100101 01101100 01100101 01101101 01100101 01101110 01110100 00111010 00100000 00110110 
01000101 01101100 01100101 01101101 01100101 01101110 01110100 00100000 01100110 01101111 01110101 01101110 01100100 00100000 01100001 01110100 00100000 01101001 01101110 01100100 01100101 01111000 00111010 00100000 00110010 
01000010 01101001 01101110 01100001 01110010 01111001 00100000 01010011 01100101 01100001 01110010 01100011 01101000 00100000 01101001 01101110 01101001 01110100 01101001 01100001 01110100 01100101 01100100 00100000 01100110 01101111 01110010 00100000 01100101 01101100 01100101 01101101 01100101 01101110 01110100 00111010 00100000 00110100 00110011 
01000101 01101100 01100101 01101101 01100101 01101110 01110100 00100000 01101110 01101111 01110100 00100000 01100110 01101111 01110101 01101110 01100100 
01001001 01101110 01110011 01100101 01110010 01110100 01101001 01101111 01101110 00100000 01010011 01101111 01110010 01110100 00100000 01101001 01101110 01101001 01110100 01101001 01100001 01110100 01100101 01100100 
01000001 01110010 01110010 01100001 01111001 00100000 01110011 01101111 01110010 01110100 01100101 01100100 00100000 01110101 01110011 01101001 01101110 01100111 00100000 01001001 01101110 01110011 01100101 01110010 01110100 01101001 01101111 01101110 00100000 01010011 01101111 01110010 01110100 
01001111 01110010 01101001 01100111 01101001 01101110 01100001 01101100 00100000 01000001 01110010 01110010 01100001 01111001 00111010 00100000 
00110010 00110011 00100000 
00110101 00110010 00100000 
00110110 00100000 
00110001 00110010 00100000 
00111001 00110011 00100000 
01001001 01101110 01110011 01100101 01110010 01110100 01101001 01101111 01101110 00100000 01010011 01101111 01110010 01110100 00100000 01101001 01101110 01101001 01110100 01101001 01100001 01110100 01100101 01100100 
01000001 01110010 01110010 01100001 01111001 00100000 01110011 01101111 01110010 01110100 01100101 01100100 00100000 01110101 01110011 01101001 01101110 01100111 00100000 01001001 01101110 01110011 01100101 01110010 01110100 01101001 01101111 01101110 00100000 01010011 01101111 01110010 01110100 
01001111 01110010 01101001 01100111 01101001 01101110 01100001 01101100 00100000 01000001 01110010 01110010 01100001 01111001 00111010 00100000 
00110010 00110011 00100000 
00110101 00110010 00100000 
00110110 00100000 
00110001 00110010 00100000 
00111001 00110011 00100000 
01001111 01110010 01101001 01100111 01101001 01101110 01100001 01101100 00100000 01000001 01110010 01110010 01100001 01111001 00111010 00100000 
00110010 00110011 00100000 
00110101 00110010 00100000 
00110110 00100000 
00110001 00110010 00100000 
00111001 00110011 00100000 
01001100 01101001 01101110 01100101 01100001 01110010 00100000 01010011 01100101 01100001 01110010 01100011 01101000 00100000 01101001 01101110 01101001 01110100 01101001 01100001 01110100 01100101 01100100 00100000 01100110 01101111 01110010 00100000 01100101 01101100 01100101 01101101 01100101 01101110 01110100 00111010 00100000 00110110 
01000101 01101100 01100101 01101101 01100101 01101110 01110100 00100000 01100110 01101111 01110101 01101110 01100100 00100000 01100001 01110100 00100000 01101001 01101110 01100100 01100101 01111000 00111010 00100000 00110010 
01001100 01101001 01101110 01100101 01100001 01110010 00100000 01010011 01100101 01100001 01110010 01100011 01101000 00100000 01101001 01101110 01101001 01110100 01101001 01100001 01110100 01100101 01100100 00100000 01100110 01101111 01110010 00100000 01100101 01101100 01100101 01101101 01100101 01101110 01110100 00111010 00100000 00110110 
01000101 01101100 01100101 01101101 01100101 01101110 01110100 00100000 01100110 01101111 01110101 01101110 01100100 00100000 01100001 01110100 00100000 01101001 01101110 01100100 01100101 01111000 00111010 00100000 00110010 
01000010 01101001 01101110 01100001 01110010 01111001 00100000 01010011 01100101 01100001 01110010 01100011 01101000 00100000 01101001 01101110 01101001 01110100 01101001 01100001 01110100 01100101 01100100 00100000 01100110 01101111 01110010 00100000 01100101 01101100 01100101 01101101 01100101 01101110 01110100 00111010 00100000 00110101 00110010 
01000101 01101100 01100101 01101101 01100101 01101110 01110100 00100000 01101110 01101111 01110100 00100000 01100110 01101111 01110101 01101110 01100100 
01000010 01101001 01101110 01100001 01110010 01111001 00100000 01010011 01100101 01100001 01110010 01100011 01101000 00100000 01101001 01101110 01101001 01110100 01101001 01100001 01110100 01100101 01100100 00100000 01100110 01101111 01110010 00100000 01100101 01101100 01100101 01101101 01100101 01101110 01110100 00111010 00100000 00110010 00110011 
01000101 01101100 01100101 01101101 01100101 01101110 01110100 00100000 01101110 01101111 01110100 00100000 01100110 01101111 01110101 01101110 01100100 
01001111 01110010 01101001 01100111 01101001 01101110 01100001 01101100 00100000 01000001 01110010 01110010 01100001 01111001 00111010 00100000 
00110010 00110011 00100000 
00110101 00110010 00100000 
00110110 00100000 
00110001 00110010 00100000 
00111001 00110011 00100000 
01001100 01101001 01101110 01100101 01100001 01110010 00100000 01010011 01100101 01100001 01110010 01100011 01101000 00100000 01101001 01101110 01101001 01110100 01101001 01100001 01110100 01100101 01100100 00100000 01100110 01101111 01110010 00100000 01100101 01101100 01100101 01101101 01100101 01101110 01110100 00111010 00100000 00110101 
01000101 01101100 01100101 01101101 01100101 01101110 01110100 00100000 01101110 01101111 01110100 00100000 01100110 01101111 01110101 01101110 01100100 
01000010 01101001 01101110 01100001 01110010 01111001 00100000 01010011 01100101 01100001 01110010 01100011 01101000 00100000 01101001 01101110 01101001 01110100 01101001 01100001 01110100 01100101 01100100 00100000 01100110 01101111 01110010 00100000 01100101 01101100 01100101 01101101 01100101 01101110 01110100 00111010 00100000 00110101 00110010 
01010001 01110101 01101001 01100011 01101011 00100000 01010011 01101111 01110010 01110100 00100000 01101001 01101110 01101001 01110100 01101001 01100001 01110100 01100101 01100100 
01010001 01110101 01101001 01100011 01101011 00100000 01010011 01101111 01110010 01110100 00100000 01101001 01101110 01101001 01110100 01101001 01100001 01110100 01100101 01100100 
01000001 01110010 01110010 01100001 01111001 00100000 01110011 01101111 01110010 01110100 01100101 01100100 00100000 01110101 01110011 01101001 01101110 01100111 00100000 01010001 01110101 01101001 01100011 01101011 00100000 01010011 01101111 01110010 01110100 
01010001 01110101 01101001 01100011 01101011 00100000 01010011 01101111 01110010 01110100 00100000 01101001 01101110 01101001 01110100 01101001 01100001 01110100 01100101 01100100 
01000001 01110010 01110010 01100001 01111001 00100000 01110011 01101111 01110010 01110100 01100101 01100100 00100000 01110101 01110011 01101001 01101110 01100111 00100000 01010001 01110101 01101001 01100011 01101011 00100000 01010011 01101111 01110010 01110100 
01000001 01110010 01110010 01100001 01111001 00100000 01110011 01101111 01110010 01110100 01100101 01100100 00100000 01110101 01110011 01101001 01101110 01100111 00100000 01010001 01110101 01101001 01100011 01101011 00100000 01010011 01101111 01110010 01110100 
01000001 01110010 01110010 01100001 01111001 00100000 01110011 01101111 01110010 01110100 01100101 01100100 00100000 01110101 01110011 01101001 01101110 01100111 00100000 01010001 01110101 01101001 01100011 01101011 00100000 01010011 01101111 01110010 01110100 
01000001 01110010 01110010 01100001 01111001 00100000 01110011 01101111 01110010 01110100 01100101 01100100 00100000 01110101 01110011 01101001 01101110 01100111 00100000 01010001 01110101 01101001 01100011 01101011 00100000 01010011 01101111 01110010 01110100 
01000001 01110010 01110010 01100001 01111001 00100000 01110011 01101111 01110010 01110100 01100101 01100100 00100000 01110101 01110011 01101001 01101110 01100111 00100000 01010001 01110101 01101001 01100011 01101011 00100000 01010011 01101111 01110010 01110100 
01000001 01110010 01110010 01100001 01111001 00100000 01110011 01101111 01110010 01110100 01100101 01100100 00100000 01110101 01110011 01101001 01101110 01100111 00100000 01010001 01110101 01101001 01100011 01101011 00100000 01010011 01101111 01110010 01110100 
01000001 01110010 01110010 01100001 01111001 00100000 01110011 01101111 01110010 01110100 01100101 01100100 00100000 01100010 01100101 01100110 01101111 01110010 01100101 00100000 01000010 01101001 01101110 01100001 01110010 01111001 00100000 01010011 01100101 01100001 01110010 01100011 01101000 
01000101 01101100 01100101 01101101 01100101 01101110 01110100 00100000 01100110 01101111 01110101 01101110 01100100 00100000 01100001 01110100 00100000 01101001 01101110 01100100 01100101 01111000 00111010 00100000 00110011 
01000010 01101001 01101110 01100001 01110010 01111001 00100000 01010011 01100101 01100001 01110010 01100011 01101000 00100000 01101001 01101110 01101001 01110100 01101001 01100001 01110100 01100101 01100100 00100000 01100110 01101111 01110010 00100000 01100101 01101100 01100101 01101101 01100101 01101110 01110100 00111010 00100000 00110101 00110010 
01010001 01110101 01101001 01100011 01101011 00100000 01010011 01101111 01110010 01110100 00100000 01101001 01101110 01101001 01110100 01101001 01100001 01110100 01100101 01100100 
01010001 01110101 01101001 01100011 01101011 00100000 01010011 01101111 01110010 01110100 00100000 01101001 01101110 01101001 01110100 01101001 01100001 01110100 01100101 01100100 
01010001 01110101 01101001 01100011 01101011 00100000 01010011 01101111 01110010 01110100 00100000 01101001 01101110 01101001 01110100 01101001 01100001 01110100 01100101 01100100 
01010001 01110101 01101001 01100011 01101011 00100000 01010011 01101111 01110010 01110100 00100000 01101001 01101110 01101001 01110100 01101001 01100001 01110100 01100101 01100100 
01000001 01110010 01110010 01100001 01111001 00100000 01110011 01101111 01110010 01110100 01100101 01100100 00100000 01110101 01110011 01101001 01101110 01100111 00100000 01010001 01110101 01101001 01100011 01101011 00100000 01010011 01101111 01110010 01110100 
01000001 01110010 01110010 01100001 01111001 00100000 01110011 01101111 01110010 01110100 01100101 01100100 00100000 01110101 01110011 01101001 01101110 01100111 00100000 01010001 01110101 01101001 01100011 01101011 00100000 01010011 01101111 01110010 01110100 
01000001 01110010 01110010 01100001 01111001 00100000 01110011 01101111 01110010 01110100 01100101 01100100 00100000 01110101 01110011 01101001 01101110 01100111 00100000 01010001 01110101 01101001 01100011 01101011 00100000 01010011 01101111 01110010 01110100 
01000001 01110010 01110010 01100001 01111001 00100000 01110011 01101111 01110010 01110100 01100101 01100100 00100000 01110101 01110011 01101001 01101110 01100111 00100000 01010001 01110101 01101001 01100011 01101011 00100000 01010011 01101111 01110010 01110100 
01000001 01110010 01110010 01100001 01111001 00100000 01110011 01101111 01110010 01110100 01100101 01100100 00100000 01110101 01110011 01101001 01101110 01100111 00100000 01010001 01110101 01101001 01100011 01101011 00100000 01010011 01101111 01110010 01110100 
01000001 01110010 01110010 01100001 01111001 00100000 01110011 01101111 01110010 01110100 01100101 01100100 00100000 01110101 01110011 01101001 01101110 01100111 00100000 01010001 01110101 01101001 01100011 01101011 00100000 01010011 01101111 01110010 01110100 
01000001 01110010 01110010 01100001 01111001 00100000 01110011 01101111 01110010 01110100 01100101 01100100 00100000 01110101 01110011 01101001 01101110 01100111 00100000 01010001 01110101 01101001 01100011 01101011 00100000 01010011 01101111 01110010 01110100 
01000001 01110010 01110010 01100001 01111001 00100000 01110011 01101111 01110010 01110100 01100101 01100100 00100000 01110101 01110011 01101001 01101110 01100111 00100000 01010001 01110101 01101001 01100011 01101011 00100000 01010011 01101111 01110010 01110100 
01000001 01110010 01110010 01100001 01111001 00100000 01110011 01101111 01110010 01110100 01100101 01100100 00100000 01110101 01110011 01101001 01101110 01100111 00100000 01010001 01110101 01101001 01100011 01101011 00100000 01010011 01101111 01110010 01110100 
01000001 01110010 01110010 01100001 01111001 00100000 01110011 01101111 01110010 01110100 01100101 01100100 00100000 01100010 01100101 01100110 01101111 01110010 01100101 00100000 01000010 01101001 01101110 01100001 01110010 01111001 00100000 01010011 01100101 01100001 01110010 01100011 01101000 
01000101 01101100 01100101 01101101 01100101 01101110 01110100 00100000 01100110 01101111 01110101 01101110 01100100 00100000 01100001 01110100 00100000 01101001 01101110 01100100 01100101 01111000 00111010 00100000 00110011 
01001001 01101110 01110011 01100101 01110010 01110100 01101001 01101111 01101110 00100000 01010011 01101111 01110010 01110100 00100000 01101001 01101110 01101001 01110100 01101001 01100001 01110100 01100101 01100100 
01000001 01110010 01110010 01100001 01111001 00100000 01110011 01101111 01110010 01110100 01100101 01100100 00100000 01110101 01110011 01101001 01101110 01100111 00100000 01001001 01101110 01110011 01100101 01110010 01110100 01101001 01101111 01101110 00100000 01010011 01101111 01110010 01110100 
01001111 01110010 01101001 01100111 01101001 01101110 01100001 01101100 00100000 01000001 01110010 01110010 01100001 01111001 00111010 00100000 
00110010 00110011 00100000 
00110101 00110010 00100000 
00110110 00100000 
00110001 00110010 00100000 
00111001 00110011 00100000 
01001100 01101001 01101110 01100101 01100001 01110010 00100000 01010011 01100101 01100001 01110010 01100011 01101000 00100000 01101001 01101110 01101001 01110100 01101001 01100001 01110100 01100101 01100100 00100000 01100110 01101111 01110010 00100000 01100101 01101100 01100101 01101101 01100101 01101110 01110100 00111010 00100000 00110101 
01000101 01101100 01100101 01101101 01100101 01101110 01110100 00100000 01101110 01101111 01110100 00100000 01100110 01101111 01110101 01101110 01100100 
01001111 01110010 01101001 01100111 01101001 01101110 01100001 01101100 00100000 01000001 01110010 01110010 01100001 01111001 00111010 00100000 
00110010 00110011 00100000 
00110101 00110010 00100000 
00110110 00100000 
00110001 00110010 00100000 
00111001 00110011 00100000 
01001100 01101001 01101110 01100101 01100001 01110010 00100000 01010011 01100101 01100001 01110010 01100011 01101000 00100000 01101001 01101110 01101001 01110100 01101001 01100001 01110100 01100101 01100100 00100000 01100110 01101111 01110010 00100000 01100101 01101100 01100101 01101101 01100101 01101110 01110100 00111010 00100000 00110101 
01000101 01101100 01100101 01101101 01100101 01101110 01110100 00100000 01101110 01101111 01110100 00100000 01100110 01101111 01110101 01101110 01100100 
01001111 01110010 01101001 01100111 01101001 01101110 01100001 01101100 00100000 01000001 01110010 01110010 01100001 01111001 00111010 00100000 
00110010 00110011 00100000 
00110101 00110010 00100000 
00110110 00100000 
00110001 00110010 00100000 
00111001 00110011 00100000 
01001100 01101001 01101110 01100101 01100001 01110010 00100000 01010011 01100101 01100001 01110010 01100011 01101000 00100000 01101001 01101110 01101001 01110100 01101001 01100001 01110100 01100101 01100100 00100000 01100110 01101111 01110010 00100000 01100101 01101100 01100101 01101101 01100101 01101110 01110100 00111010 00100000 00110101 
01000101 01101100 01100101 01101101 01100101 01101110 01110100 00100000 01101110 01101111 01110100 00100000 01100110 01101111 01110101 01101110 01100100 
01001111 01110010 01101001 01100111 01101001 01101110 01100001 01101100 00100000 01000001 01110010 01110010 01100001 01111001 00111010 00100000 
00110010 00110011 00100000 
00110101 00110010 00100000 
00110110 00100000 
00110001 00110010 00100000 
00111001 00110011 00100000 
01001100 01101001 01101110 01100101 01100001 01110010 00100000 01010011 01100101 01100001 01110010 01100011 01101000 00100000 01101001 01101110 01101001 01110100 01101001 01100001 01110100 01100101 01100100 00100000 01100110 01101111 01110010 00100000 01100101 01101100 01100101 01101101 01100101 01101110 01110100 00111010 00100000 00110010 00110011 
01000101 01101100 01100101 01101101 01100101 01101110 01110100 00100000 01100110 01101111 01110101 01101110 01100100 00100000 01100001 01110100 00100000 01101001 01101110 01100100 01100101 01111000 00111010 00100000 00110000 
01001100 01101001 01101110 01100101 01100001 01110010 00100000 01010011 01100101 01100001 01110010 01100011 01101000 00100000 01101001 01101110 01101001 01110100 01101001 01100001 01110100 01100101 01100100 00100000 01100110 01101111 01110010 00100000 01100101 01101100 01100101 01101101 01100101 01101110 01110100 00111010 00100000 00110010 00110011 
01000101 01101100 01100101 01101101 01100101 01101110 01110100 00100000 01100110 01101111 01110101 01101110 01100100 00100000 01100001 01110100 00100000 01101001 01101110 01100100 01100101 01111000 00111010 00100000 00110000 
01001111 01110010 01101001 01100111 01101001 01101110 01100001 01101100 00100000 01000001 01110010 01110010 01100001 01111001 00111010 00100000 
00110010 00110011 00100000 
00110101 00110010 00100000 
00110110 00100000 
00110001 00110010 00100000 
00111001 00110011 00100000 
01001100 01101001 01101110 01100101 01100001 01110010 00100000 01010011 01100101 01100001 01110010 01100011 01101000 00100000 01101001 01101110 01101001 01110100 01101001 01100001 01110100 01100101 01100100 00100000 01100110 01101111 01110010 00100000 01100101 01101100 01100101 01101101 01100101 01101110 01110100 00111010 00100000 00110101 
01000101 01101100 01100101 01101101 01100101 01101110 01110100 00100000 01101110 01101111 01110100 00100000 01100110 01101111 01110101 01101110 01100100 
01001111 01110010 01101001 01100111 01101001 01101110 01100001 01101100 00100000 01000001 01110010 01110010 01100001 01111001 00111010 00100000 
00110010 00110011 00100000 
00110101 00110010 00100000 
00110110 00100000 
00110001 00110010 00100000 
00111001 00110011 00100000 
01001100 01101001 01101110 01100101 01100001 01110010 00100000 01010011 01100101 01100001 01110010 01100011 01101000 00100000 01101001 01101110 01101001 01110100 01101001 01100001 01110100 01100101 01100100 00100000 01100110 01101111 01110010 00100000 01100101 01101100 01100101 01101101 01100101 01101110 01110100 00111010 00100000 00110101 
01000101 01101100 01100101 01101101 01100101 01101110 01110100 00100000 01101110 01101111 01110100 00100000 01100110 01101111 01110101 01101110 01100100 
01001100 01101001 01101110 01100101 01100001 01110010 00100000 01010011 01100101 01100001 01110010 01100011 01101000 00100000 01101001 01101110 01101001 01110100 01101001 01100001 01110100 01100101 01100100 00100000 01100110 01101111 01110010 00100000 01100101 01101100 01100101 01101101 01100101 01101110 01110100 00111010 00100000 00110101 
01000101 01101100 01100101 01101101 01100101 01101110 01110100 00100000 01101110 01101111 01110100 00100000 01100110 01101111 01110101 01101110 01100100 
01001111 01110010 01101001 01100111 01101001 01101110 01100001 01101100 00100000 01000001 01110010 01110010 01100001 01111001 00111010 00100000 
01001111 01110010 01101001 01100111 01101001 01101110 01100001 01101100 00100000 01000001 01110010 01110010 01100001 01111001 00111010 00100000 
00110010 00110011 00100000 
00110101 00110010 00100000 
00110110 00100000 
00110001 00110010 00100000 
00111001 00110011 00100000 
01001100 01101001 01101110 01100101 01100001 01110010 00100000 01010011 01100101 01100001 01110010 01100011 01101000 00100000 01101001 01101110 01101001 01110100 01101001 01100001 01110100 01100101 01100100 00100000 01100110 01101111 01110010 00100000 01100101 01101100 01100101 01101101 01100101 01101110 01110100 00111010 00100000 00110101 
01000101 01101100 01100101 01101101 01100101 01101110 01110100 00100000 01101110 01101111 01110100 00100000 01100110 01101111 01110101 01101110 01100100 
01001111 01110010 01101001 01100111 01101001 01101110 01100001 01101100 00100000 01000001 01110010 01110010 01100001 01111001 00111010 00100000 
00110010 00110011 00100000 
00110101 00110010 00100000 
00110110 00100000 
00110001 00110010 00100000 
00111001 00110011 00100000 
01001100 01101001 01101110 01100101 01100001 01110010 00100000 01010011 01100101 01100001 01110010 01100011 01101000 00100000 01101001 01101110 01101001 01110100 01101001 01100001 01110100 01100101 01100100 00100000 01100110 01101111 01110010 00100000 01100101 01101100 01100101 01101101 01100101 01101110 01110100 00111010 00100000 00110001 00110010 
01000101 01101100 01100101 01101101 01100101 01101110 01110100 00100000 01100110 01101111 01110101 01101110 01100100 00100000 01100001 01110100 00100000 01101001 01101110 01100100 01100101 01111000 00111010 00100000 00110011 
01000010 01101001 01101110 01100001 01110010 01111001 00100000 01010011 01100101 01100001 01110010 01100011 01101000 00100000 01101001 01101110 01101001 01110100 01101001 01100001 01110100 01100101 01100100 00100000 01100110 01101111 01110010 00100000 01100101 01101100 01100101 01101101 01100101 01101110 01110100 00111010 00100000 00110010 00110011 
01000101 01101100 01100101 01101101 01100101 01101110 01110100 00100000 01101110 01101111 01110100 00100000 01100110 01101111 01110101 01101110 01100100 
01000010 01101001 01101110 01100001 01110010 01111001 00100000 01010011 01100101 01100001 01110010 01100011 01101000 00100000 01101001 01101110 01101001 01110100 01101001 01100001 01110100 01100101 01100100 00100000 01100110 01101111 01110010 00100000 01100101 01101100 01100101 01101101 01100101 01101110 01110100 00111010 00100000 00110101 
01000101 01101100 01100101 01101101 01100101 01101110 01110100 00100000 01101110 01101111 01110100 00100000 01100110 01101111 01110101 01101110 01100100 
01001111 01110010 01101001 01100111 01101001 01101110 01100001 01101100 00100000 01000001 01110010 01110010 01100001 01111001 00111010 00100000 
00110010 00110011 00100000 
00110101 00110010 00100000 
00110110 00100000 
00110001 00110010 00100000 
00111001 00110011 00100000 
01001100 01101001 01101110 01100101 01100001 01110010 00100000 01010011 01100101 01100001 01110010 01100011 01101000 00100000 01101001 01101110 01101001 01110100 01101001 01100001 01110100 01100101 01100100 00100000 01100110 01101111 01110010 00100000 01100101 01101100 01100101 01101101 01100101 01101110 01110100 00111010 00100000 00110110 
01000101 01101100 01100101 01101101 01100101 01101110 01110100 00100000 01100110 01101111 01110101 01101110 01100100 00100000 01100001 01110100 00100000 01101001 01101110 01100100 01100101 01111000 00111010 00100000 00110010 
01000010 01101001 01101110 01100001 01110010 01111001 00100000 01010011 01100101 01100001 01110010 01100011 01101000 00100000 01101001 01101110 01101001 01110100 01101001 01100001 01110100 01100101 01100100 00100000 01100110 01101111 01110010 00100000 01100101 01101100 01100101 01101101 01100101 01101110 01110100 00111010 00100000 00110110 
01010001 01110101 01101001 01100011 01101011 00100000 01010011 01101111 01110010 01110100 00100000 01101001 01101110 01101001 01110100 01101001 01100001 01110100 01100101 01100100 
01010001 01110101 01101001 01100011 01101011 00100000 01010011 01101111 01110010 01110100 00100000 01101001 01101110 01101001 01110100 01101001 01100001 01110100 01100101 01100100 
01000001 01110010 01110010 01100001 01111001 00100000 01110011 01101111 01110010 01110100 01100101 01100100 00100000 01110101 01110011 01101001 01101110 01100111 00100000 01010001 01110101 01101001 01100011 01101011 00100000 01010011 01101111 01110010 01110100 
01010001 01110101 01101001 01100011 01101011 00100000 01010011 01101111 01110010 01110100 00100000 01101001 01101110 01101001 01110100 01101001 01100001 01110100 01100101 01100100 
01000001 01110010 01110010 01100001 01111001 00100000 01110011 01101111 01110010 01110100 01100101 01100100 00100000 01110101 01110011 01101001 01101110 01100111 00100000 01010001 01110101 01101001 01100011 01101011 00100000 01010011 01101111 01110010 01110100 
01000001 01110010 01110010 01100001 01111001 00100000 01110011 01101111 01110010 01110100 01100101 01100100 00100000 01110101 01110011 01101001 01101110 01100111 00100000 01010001 01110101 01101001 01100011 01101011 00100000 01010011 01101111 01110010 01110100 
01000001 01110010 01110010 01100001 01111001 00100000 01110011 01101111 01110010 01110100 01100101 01100100 00100000 01110101 01110011 01101001 01101110 01100111 00100000 01010001 01110101 01101001 01100011 01101011 00100000 01010011 01101111 01110010 01110100 
01000001 01110010 01110010 01100001 01111001 00100000 01110011 01101111 01110010 01110100 01100101 01100100 00100000 01110101 01110011 01101001 01101110 01100111 00100000 01010001 01110101 01101001 01100011 01101011 00100000 01010011 01101111 01110010 01110100 
01000001 01110010 01110010 01100001 01111001 00100000 01110011 01101111 01110010 01110100 01100101 01100100 00100000 01110101 01110011 01101001 01101110 01100111 00100000 01010001 01110101 01101001 01100011 01101011 00100000 01010011 01101111 01110010 01110100 
01000001 01110010 01110010 01100001 01111001 00100000 01110011 01101111 01110010 01110100 01100101 01100100 00100000 01110101 01110011 01101001 01101110 01100111 00100000 01010001 01110101 01101001 01100011 01101011 00100000 01010011 01101111 01110010 01110100 
01000001 01110010 01110010 01100001 01111001 00100000 01110011 01101111 01110010 01110100 01100101 01100100 00100000 01100010 01100101 01100110 01101111 01110010 01100101 00100000 01000010 01101001 01101110 01100001 01110010 01111001 00100000 01010011 01100101 01100001 01110010 01100011 01101000 
01000101 01101100 01100101 01101101 01100101 01101110 01110100 00100000 01100110 01101111 01110101 01101110 01100100 00100000 01100001 01110100 00100000 01101001 01101110 01100100 01100101 01111000 00111010 00100000 00110000 
01000010 01101001 01101110 01100001 01110010 01111001 00100000 01010011 01100101 01100001 01110010 01100011 01101000 00100000 01101001 01101110 01101001 01110100 01101001 01100001 01110100 01100101 01100100 00100000 01100110 01101111 01110010 00100000 01100101 01101100 01100101 01101101 01100101 01101110 01110100 00111010 00100000 00110110 
01010001 01110101 01101001 01100011 01101011 00100000 01010011 01101111 01110010 01110100 00100000 01101001 01101110 01101001 01110100 01101001 01100001 01110100 01100101 01100100 
01010001 01110101 01101001 01100011 01101011 00100000 01010011 01101111 01110010 01110100 00100000 01101001 01101110 01101001 01110100 01101001 01100001 01110100 01100101 01100100 
01010001 01110101 01101001 01100011 01101011 00100000 01010011 01101111 01110010 01110100 00100000 01101001 01101110 01101001 01110100 01101001 01100001 01110100 01100101 01100100 
01010001 01110101 01101001 01100011 01101011 00100000 01010011 01101111 01110010 01110100 00100000 01101001 01101110 01101001 01110100 01101001 01100001 01110100 01100101 01100100 
01000001 01110010 01110010 01100001 01111001 00100000 01110011 01101111 01110010 01110100 01100101 01100100 00100000 01110101 01110011 01101001 01101110 01100111 00100000 01010001 01110101 01101001 01100011 01101011 00100000 01010011 01101111 01110010 01110100 
01000001 01110010 01110010 01100001 01111001 00100000 01110011 01101111 01110010 01110100 01100101 01100100 00100000 01110101 01110011 01101001 01101110 01100111 00100000 01010001 01110101 01101001 01100011 01101011 00100000 01010011 01101111 01110010 01110100 
01000001 01110010 01110010 01100001 01111001 00100000 01110011 01101111 01110010 01110100 01100101 01100100 00100000 01110101 01110011 01101001 01101110 01100111 00100000 01010001 01110101 01101001 01100011 01101011 00100000 01010011 01101111 01110010 01110100 
01000001 01110010 01110010 01100001 01111001 00100000 01110011 01101111 01110010 01110100 01100101 01100100 00100000 01110101 01110011 01101001 01101110 01100111 00100000 01010001 01110101 01101001 01100011 01101011 00100000 01010011 01101111 01110010 01110100 
01000001 01110010 01110010 01100001 01111001 00100000 01110011 01101111 01110010 01110100 01100101 01100100 00100000 01110101 01110011 01101001 01101110 01100111 00100000 01010001 01110101 01101001 01100011 01101011 00100000 01010011 01101111 01110010 01110100 
01000001 01110010 01110010 01100001 01111001 00100000 01110011 01101111 01110010 01110100 01100101 01100100 00100000 01110101 01110011 01101001 01101110 01100111 00100000 01010001 01110101 01101001 01100011 01101011 00100000 01010011 01101111 01110010 01110100 
01000001 01110010 01110010 01100001 01111001 00100000 01110011 01101111 01110010 01110100 01100101 01100100 00100000 01110101 01110011 01101001 01101110 01100111 00100000 01010001 01110101 01101001 01100011 01101011 00100000 01010011 01101111 01110010 01110100 
01000001 01110010 01110010 01100001 01111001 00100000 01110011 01101111 01110010 01110100 01100101 01100100 00100000 01110101 01110011 01101001 01101110 01100111 00100000 01010001 01110101 01101001 01100011 01101011 00100000 01010011 01101111 01110010 01110100 
01000001 01110010 01110010 01100001 01111001 00100000 01110011 01101111 01110010 01110100 01100101 01100100 00100000 01110101 01110011 01101001 01101110 01100111 00100000 01010001 01110101 01101001 01100011 01101011 00100000 01010011 01101111 01110010 01110100 
01000001 01110010 01110010 01100001 01111001 00100000 01110011 01101111 01110010 01110100 01100101 01100100 00100000 01100010 01100101 01100110 01101111 01110010 01100101 00100000 01000010 01101001 01101110 01100001 01110010 01111001 00100000 01010011 01100101 01100001 01110010 01100011 01101000 
01000101 01101100 01100101 01101101 01100101 01101110 01110100 00100000 01100110 01101111 01110101 01101110 01100100 00100000 01100001 01110100 00100000 01101001 01101110 01100100 01100101 01111000 00111010 00100000 00110000 
01001111 01110010 01101001 01100111 01101001 01101110 01100001 01101100 00100000 01000001 01110010 01110010 01100001 01111001 00111010 00100000 
00110010 00110011 00100000 
00110101 00110010 00100000 
00110110 00100000 
00110001 00110010 00100000 
00111001 00110011 00100000 
01001100 01101001 01101110 01100101 01100001 01110010 00100000 01010011 01100101 01100001 01110010 01100011 01101000 00100000 01101001 01101110 01101001 01110100 01101001 01100001 01110100 01100101 01100100 00100000 01100110 01101111 01110010 00100000 01100101 01101100 01100101 01101101 01100101 01101110 01110100 00111010 00100000 00110110 
01000101 01101100 01100101 01101101 01100101 01101110 01110100 00100000 01100110 01101111 01110101 01101110 01100100 00100000 01100001 01110100 00100000 01101001 01101110 01100100 01100101 01111000 00111010 00100000 00110010 
01000010 01101001 01101110 01100001 01110010 01111001 00100000 01010011 01100101 01100001 01110010 01100011 01101000 00100000 01101001 01101110 01101001 01110100 01101001 01100001 01110100 01100101 01100100 00100000 01100110 01101111 01110010 00100000 01100101 01101100 01100101 01101101 01100101 01101110 01110100 00111010 00100000 00110110 
01000101 01101100 01100101 01101101 01100101 01101110 01110100 00100000 01100110 01101111 01110101 01101110 01100100 00100000 01100001 01110100 00100000 01101001 01101110 01100100 01100101 01111000 00111010 00100000 00110010 
01000010 01101001 01101110 01100001 01110010 01111001 00100000 01010011 01100101 01100001 01110010 01100011 01101000 00100000 01101001 01101110 01101001 01110100 01101001 01100001 01110100 01100101 01100100 00100000 01100110 01101111 01110010 00100000 01100101 01101100 01100101 01101101 01100101 01101110 01110100 00111010 00100000 00110110 
01000101 01101100 01100101 01101101 01100101 01101110 01110100 00100000 01100110 01101111 01110101 01101110 01100100 00100000 01100001 01110100 00100000 01101001 01101110 01100100 01100101 01111000 00111010 00100000 00110010 
01001001 01101110 01110011 01100101 01110010 01110100 01101001 01101111 01101110 00100000 01010011 01101111 01110010 01110100 00100000 01101001 01101110 01101001 01110100 01101001 01100001 01110100 01100101 01100100 
01000001 01110010 01110010 01100001 01111001 00100000 01110011 01101111 01110010 01110100 01100101 01100100 00100000 01110101 01110011 01101001 01101110 01100111 00100000 01001001 01101110 01110011 01100101 01110010 01110100 01101001 01101111 01101110 00100000 01010011 01101111 01110010 01110100 
01001111 01110010 01101001 01100111 01101001 01101110 01100001 01101100 00100000 01000001 01110010 01110010 01100001 01111001 00111010 00100000 
00110010 00110011 00100000 
00110101 00110010 00100000 
00110110 00100000 
00110001 00110010 00100000 
00111001 00110011 00100000 
01010011 01100101 01101100 01100101 01100011 01110100 01101001 01101111 01101110 00100000 01010011 01101111 01110010 01110100 00100000 01101001 01101110 01101001 01110100 01101001 01100001 01110100 01100101 01100100 
01000001 01110010 01110010 01100001 01111001 00100000 01110011 01101111 01110010 01110100 01100101 01100100 00100000 01110101 01110011 01101001 01101110 01100111 00100000 01010011 01100101 01101100 01100101 01100011 01110100 01101001 01101111 01101110 00100000 01010011 01101111 01110010 01110100 
01001111 01110010 01101001 01100111 01101001 01101110 01100001 01101100 00100000 01000001 01110010 01110010 01100001 01111001 00111010 00100000 
00110010 00110011 00100000 
00110101 00110010 00100000 
00110110 00100000 
00110001 00110010 00100000 
00111001 00110011 00100000 
01000010 01110101 01100010 01100010 01101100 01100101 00100000 01010011 01101111 01110010 01110100 00100000 01101001 01101110 01101001 01110100 01101001 01100001 01110100 01100101 01100100 
01000001 01110010 01110010 01100001 01111001 00100000 01110011 01101111 01110010 01110100 01100101 01100100 00100000 01110101 01110011 01101001 01101110 01100111 00100000 01000010 01110101 01100010 01100010 01101100 01100101 00100000 01010011 01101111 01110010 01110100 
01001111 01110010 01101001 01100111 01101001 01101110 01100001 01101100 00100000 01000001 01110010 01110010 01100001 01111001 00111010 00100000 
00110010 00110011 00100000 
00110101 00110010 00100000 
00110110 00100000 
00110001 00110010 00100000 
00111001 00110011 00100000 
01010010 01100001 01100100 01101001 01111000 00100000 01010011 01101111 01110010 01110100 00100000 01101001 01101110 01101001 01110100 01101001 01100001 01110100 01100101 01100100 
01000001 01110010 01110010 01100001 01111001 00100000 01110011 01101111 01110010 01110100 01100101 01100100 00100000 01110101 01110011 01101001 01101110 01100111 00100000 01010010 01100001 01100100 01101001 01111000 00100000 01010011 01101111 01110010 01110100 
01001111 01110010 01101001 01100111 01101001 01101110 01100001 01101100 00100000 01000001 01110010 01110010 01100001 01111001 00111010 00100000 
00110010 00110011 00100000 
00110101 00110010 00100000 
00110110 00100000 
00110001 00110010 00100000 
00111001 00110011 00100000 
01010001 01110101 01101001 01100011 01101011 00100000 01010011 01101111 01110010 01110100 00100000 01101001 01101110 01101001 01110100 01101001 01100001 01110100 01100101 01100100 
01010001 01110101 01101001 01100011 01101011 00100000 01010011 01101111 01110010 01110100 00100000 01101001 01101110 01101001 01110100 01101001 01100001 01110100 01100101 01100100 
01000001 01110010 01110010 01100001 01111001 00100000 01110011 01101111 01110010 01110100 01100101 01100100 00100000 01110101 01110011 01101001 01101110 01100111 00100000 01010001 01110101 01101001 01100011 01101011 00100000 01010011 01101111 01110010 01110100 
01010001 01110101 01101001 01100011 01101011 00100000 01010011 01101111 01110010 01110100 00100000 01101001 01101110 01101001 01110100 01101001 01100001 01110100 01100101 01100100 
01000001 01110010 01110010 01100001 01111001 00100000 01110011 01101111 01110010 01110100 01100101 01100100 00100000 01110101 01110011 01101001 01101110 01100111 00100000 01010001 01110101 01101001 01100011 01101011 00100000 01010011 01101111 01110010 01110100 
01000001 01110010 01110010 01100001 01111001 00100000 01110011 01101111 01110010 01110100 01100101 01100100 00100000 01110101 01110011 01101001 01101110 01100111 00100000 01010001 01110101 01101001 01100011 01101011 00100000 01010011 01101111 01110010 01110100 
01000001 01110010 01110010 01100001 01111001 00100000 01110011 01101111 01110010 01110100 01100101 01100100 00100000 01110101 01110011 01101001 01101110 01100111 00100000 01010001 01110101 01101001 01100011 01101011 00100000 01010011 01101111 01110010 01110100 
01000001 01110010 01110010 01100001 01111001 00100000 01110011 01101111 01110010 01110100 01100101 01100100 00100000 01110101 01110011 01101001 01101110 01100111 00100000 01010001 01110101 01101001 01100011 01101011 00100000 01010011 01101111 01110010 01110100 
01000001 01110010 01110010 01100001 01111001 00100000 01110011 01101111 01110010 01110100 01100101 01100100 00100000 01110101 01110011 01101001 01101110 01100111 00100000 01010001 01110101 01101001 01100011 01101011 00100000 01010011 01101111 01110010 01110100 
01000001 01110010 01110010 01100001 01111001 00100000 01110011 01101111 01110010 01110100 01100101 01100100 00100000 01110101 01110011 01101001 01101110 01100111 00100000 01010001 01110101 01101001 01100011 01101011 00100000 01010011 01101111 01110010 01110100 
