01001111 01110000 01100101 01101110 00100000 01000110 01101001 01101100 01100101 
01000011 01100001 01101100 01101100 00100000 01010000 01110101 01110011 01101000 00100000 01000110 01110101 01101110 01100011 01110100 01101001 01101111 01101110 
01010000 01110101 01110011 01101000 01100101 01100100 00100000 01110110 01100001 01101100 01110101 01100101 00100000 00110011 00110010 
01000011 01100001 01101100 01101100 00100000 01010000 01110101 01110011 01101000 00100000 01000110 01110101 01101110 01100011 01110100 01101001 01101111 01101110 
01010000 01110101 01110011 01101000 01100101 01100100 00100000 01110110 01100001 01101100 01110101 01100101 00100000 00110101 00110110 
01000011 01100001 01101100 01101100 00100000 01010000 01110101 01110011 01101000 00100000 01000110 01110101 01101110 01100011 01110100 01101001 01101111 01101110 
01010000 01110101 01110011 01101000 01100101 01100100 00100000 01110110 01100001 01101100 01110101 01100101 00100000 00110010 00110011 
01000011 01100001 01101100 01101100 00100000 01010000 01110101 01110011 01101000 00100000 01000110 01110101 01101110 01100011 01110100 01101001 01101111 01101110 
01010000 01110101 01110011 01101000 01100101 01100100 00100000 01110110 01100001 01101100 01110101 01100101 00100000 00110110 00110101 
01000011 01100001 01101100 01101100 00100000 01010000 01110101 01110011 01101000 00100000 01000110 01110101 01101110 01100011 01110100 01101001 01101111 01101110 
01010000 01110101 01110011 01101000 01100101 01100100 00100000 01110110 01100001 01101100 01110101 01100101 00100000 00110010 00110011 00110101 
01000011 01100001 01101100 01101100 00100000 01010000 01101111 01110000 00100000 01000110 01110101 01101110 01100011 01110100 01101001 01101111 01101110 
01010000 01101111 01110000 01110000 01100101 01100100 00100000 01110110 01100001 01101100 01110101 01100101 00100000 00110011 00110010 
01000011 01100001 01101100 01101100 00100000 01010100 01110010 01100001 01110110 01100101 01110010 01110011 01100101 00100000 01000110 01110101 01101110 01100011 01110100 01101001 01101111 01101110 
01000011 01100001 01101100 01101100 00100000 01010100 01110010 01100001 01110110 01100101 01110010 01110011 01100101 00100000 01000110 01110101 01101110 01100011 01110100 01101001 01101111 01101110 
01000011 01100001 01101100 01101100 00100000 01010000 01100101 01100101 01101011 00100000 01000110 01110101 01101110 01100011 01110100 01101001 01101111 01101110 
01001111 01110000 01100101 01101110 00100000 01000110 01101001 01101100 01100101 
01000011 01100001 01101100 01101100 00100000 01010000 01110101 01110011 01101000 00100000 01000110 01110101 01101110 01100011 01110100 01101001 01101111 01101110 
01010000 01110101 01110011 01101000 01100101 01100100 00100000 01110110 01100001 01101100 01110101 01100101 00100000 00110011 00110010 
01000011 01100001 01101100 01101100 00100000 01010000 01110101 01110011 01101000 00100000 01000110 01110101 01101110 01100011 01110100 01101001 01101111 01101110 
01010000 01110101 01110011 01101000 01100101 01100100 00100000 01110110 01100001 01101100 01110101 01100101 00100000 00110110 00110111 
01000011 01100001 01101100 01101100 00100000 01010000 01110101 01110011 01101000 00100000 01000110 01110101 01101110 01100011 01110100 01101001 01101111 01101110 
01010000 01110101 01110011 01101000 01100101 01100100 00100000 01110110 01100001 01101100 01110101 01100101 00100000 00110010 00110011 
01000011 01100001 01101100 01101100 00100000 01010000 01101111 01110000 00100000 01000110 01110101 01101110 01100011 01110100 01101001 01101111 01101110 
01010000 01101111 01110000 01110000 01100101 01100100 00100000 01110110 01100001 01101100 01110101 01100101 00100000 00110010 00110011 
01000011 01100001 01101100 01101100 00100000 01010100 01110010 01100001 01110110 01100101 01110010 01110011 01100101 00100000 01000110 01110101 01101110 01100011 01110100 01101001 01101111 01101110 
01000011 01100001 01101100 01101100 00100000 01010000 01100101 01100101 01101011 00100000 01000110 01110101 01101110 01100011 01110100 01101001 01101111 01101110 
01000011 01101100 01101111 01110011 01100101 00100000 01000110 01101001 01101100 01100101 
01010000 01101111 01110000 01110000 01100101 01100100 00100000 01110110 01100001 01101100 01110101 01100101 00100000 00110110 00110111 
01010000 01101111 01110000 01110000 01100101 01100100 00100000 01110110 01100001 01101100 01110101 01100101 00100000 00110011 00110010 
01001111 01110000 01100101 01101110 00100000 01000110 01101001 01101100 01100101 
01000011 01100001 01101100 01101100 00100000 01010000 01110101 01110011 01101000 00100000 01000110 01110101 01101110 01100011 01110100 01101001 01101111 01101110 
01010000 01110101 01110011 01101000 01100101 01100100 00100000 01110110 01100001 01101100 01110101 01100101 00100000 00110010 00110011 
01000011 01100001 01101100 01101100 00100000 01010000 01110101 01110011 01101000 00100000 01000110 01110101 01101110 01100011 01110100 01101001 01101111 01101110 
01010000 01110101 01110011 01101000 01100101 01100100 00100000 01110110 01100001 01101100 01110101 01100101 00100000 00110110 00111000 
01000011 01100001 01101100 01101100 00100000 01010000 01110101 01110011 01101000 00100000 01000110 01110101 01101110 01100011 01110100 01101001 01101111 01101110 
01010000 01110101 01110011 01101000 01100101 01100100 00100000 01110110 01100001 01101100 01110101 01100101 00100000 00110110 00111001 
01000011 01100001 01101100 01101100 00100000 01010000 01101111 01110000 00100000 01000110 01110101 01101110 01100011 01110100 01101001 01101111 01101110 
01010000 01101111 01110000 01110000 01100101 01100100 00100000 01110110 01100001 01101100 01110101 01100101 00100000 00110110 00111001 
01000011 01100001 01101100 01101100 00100000 01010100 01110010 01100001 01110110 01100101 01110010 01110011 01100101 00100000 01000110 01110101 01101110 01100011 01110100 01101001 01101111 01101110 
01000011 01100001 01101100 01101100 00100000 01010000 01100101 01100101 01101011 00100000 01000110 01110101 01101110 01100011 01110100 01101001 01101111 01101110 
01000011 01101100 01101111 01110011 01100101 00100000 01000110 01101001 01101100 01100101 
01010000 01101111 01110000 01110000 01100101 01100100 00100000 01110110 01100001 01101100 01110101 01100101 00100000 00110110 00111000 
01010000 01101111 01110000 01110000 01100101 01100100 00100000 01110110 01100001 01101100 01110101 01100101 00100000 00110010 00110011 
